10	
60	
25	
2
16	
0	1	2	3	4	5	6	7	8	9	6	8	9	0	9	3	8	3	4	0	8	7	3	3	5	3	0	7	9	9	2	8	3	8	7	6	1	5	4	0	6	5	6	9	6	1	2	1	9	4	5	1	3	5	0	2	2	7	0	4	
1	2	3	4	5	6	7	8	9	0	9	5	3	6	8	6	6	1	0	3	0	4	9	5	4	8	7	5	4	6	6	1	2	7	6	1	7	9	3	2	5	0	2	7	3	3	0	4	1	8	7	9	7	8	9	9	5	0	8	6	
100	100	100	100	100	100	100	100	100	100	69	44	67	80	89	24	99	42	42	67	83	96	91	97	54	97	25	75	34	63	52	81	84	92	99	20	92	26	58	78	41	79	79	64	74	22	27	28	40	26	62	75	84	92	98	23	90	24	78	91	
1417	1417	1417	1417	1417	1417	1417	1417	1417	1417	117	61	137	38	66	241	160	211	117	178	112	206	89	89	226	193	79	99	82	36	89	152	142	251	56	84	46	200	99	198	185	211	82	198	185	66	87	236	168	41	76	147	104	46	244	150	251	216	82	33	
14338	14338	14338	14338	14338	14338	14338	14338	14338	14338	4589	7313	4158	13191	1721	10037	10324	1434	12905	10897	1864	8316	5879	6739	9464	12905	11041	2295	4589	4302	5019	6596	14195	11471	10611	5592	2725	6022	7456	5162	10324	4875	3442	5162	11901	13478	1578	12474	8173	3728	5449	9894	10467	10754	13478	3155	12044	10180	10324	9320	
9	9	2	4	7	2	0	1	0	4	9	6	5	7	4	3	8	0	1	7	9	6	7	5	0	
4	8	6	2	4	4	3	7	6	3	3	5	8	9	6	2	3	9	0	6	6	1	5	9	4	
0.0625 47.5612 	10.6304 	63.4905 	31.7147 	47.4266 	95.2474 	34.8014 	54.3299 	4.09596 	83.3474 	34.5822 	20.4608 	74.597 	48.6365 	23.5939 	34.7841 	39.3888 	63.6562 	16.3576 	37.5749 	15.4992 	107.366 	39.2946 	72.7674 	54.8919
0.0625 54.7031 	39.0219 	68.5544 	16.182 	52.8575 	42.7491 	50.9654 	40.1304 	48.1958 	62.4846 	22.3249 	18.3605 	105.869 	69.4055 	7.54619 	34.4687 	35.2299 	75.5637 	18.2042 	60.6314 	18.1486 	76.2352 	27.5817 	85.9059 	4.39685
0.0625 48.5027 	24.9999 	76.4311 	35.025 	56.3738 	50.7315 	14.706 	35.4042 	54.1354 	38.8525 	13.4815 	1.54358 	88.5797 	59.2804 	8.47063 	27.4735 	26.949 	24.3688 	15.9605 	40.576 	15.4457 	78.9937 	41.2194 	66.6471 	32.1453
0.0625 64.5123 	31.4787 	52.6839 	39.6225 	33.5674 	23.5644 	58.4042 	57.8127 	13.2721 	37.2391 	22.2517 	14.7266 	31.0085 	26.4782 	9.40578 	33.9424 	28.002 	76.0564 	21.451 	54.1072 	14.8555 	83.0333 	33.9446 	44.7659 	50.4878
0.0625 70.3205 	25.8462 	36.5155 	34.8414 	12.6214 	93.4608 	64.4492 	70.3484 	52.8956 	42.1366 	23.9741 	17.1508 	94.12 	33.4364 	26.0654 	38.8538 	37.1646 	70.0951 	4.20654 	53.7784 	17.6405 	45.7958 	52.5183 	78.063 	57.9861
0.0625 71.196 	28.4942 	92.8115 	24.8918 	49.4296 	65.8114 	11.1926 	52.0306 	37.445 	18.4417 	23.5596 	16.302 	37.1451 	78.7233 	23.4324 	17.3286 	22.0926 	95.0584 	7.61891 	21.1851 	11.3704 	74.2734 	23.9952 	37.8766 	34.9652
0.0625 75.1297 	26.1922 	55.4935 	40.8393 	39.2014 	32.0666 	46.5745 	73.129 	46.7 	58.3061 	10.3183 	19.2793 	95.8009 	89.6124 	20.0409 	39.2463 	29.8287 	104.859 	1.36551 	18.7999 	10.8032 	60.8117 	15.6089 	43.9358 	50.1216
0.0625 42.5533 	21.2547 	39.5472 	31.609 	56.767 	84.0914 	17.7427 	47.4536 	58.091 	62.1799 	28.7357 	18.0459 	81.3992 	82.9931 	7.93595 	20.3924 	23.6623 	81.5929 	16.6669 	60.6997 	4.74659 	77.5219 	50.821 	46.3527 	31.9589
0.0625 50.3382 	24.1403 	57.2879 	39.1336 	14.2244 	27.4376 	34.3707 	56.6228 	26.1153 	55.0189 	13.2598 	8.7367 	63.2481 	52.9951 	16.9083 	15.8585 	40.553 	83.1098 	10.8123 	51.1918 	6.05929 	78.8863 	53.4183 	57.4677 	59.7353
0.0625 32.8463 	15.7888 	86.9956 	7.17611 	28.9483 	58.1328 	42.5773 	40.5213 	47.3331 	87.8562 	18.6728 	12.251 	39.3138 	38.3061 	26.4614 	31.4239 	23.2006 	60.4493 	6.34827 	25.9815 	15.9652 	55.9307 	56.6608 	46.9473 	30.843
0.0625 58.0328 	25.2352 	26.8437 	25.3105 	43.5952 	64.2012 	28.8995 	78.5032 	37.5573 	56.1126 	9.14143 	15.812 	59.0539 	73.2219 	15.3992 	39.5005 	21.3596 	78.2135 	8.9496 	59.6178 	13.8439 	74.7486 	31.1503 	63.8965 	18.9088
0.0625 62.0917 	13.0593 	81.6399 	37.9316 	62.7793 	67.5636 	40.8622 	88.6311 	55.7019 	41.8928 	31.7395 	26.6866 	47.8735 	17.6248 	19.448 	21.213 	15.3028 	98.6877 	20.3454 	26.1243 	20.4933 	101.631 	32.8392 	59.5576 	49.2131
0.0625 66.956 	28.2459 	61.2201 	44.5614 	54.0618 	69.9293 	64.6242 	34.8071 	43.6511 	69.3691 	30.9019 	13.2035 	9.93096 	106.777 	13.4926 	38.6008 	25.7715 	73.0346 	22.1289 	57.0468 	15.835 	57.7335 	31.5545 	23.4732 	29.1488
0.0625 58.8511 	7.57009 	63.1839 	33.8016 	41.0417 	57.5395 	47.3301 	76.7155 	41.1886 	34.9363 	8.15444 	11.2457 	71.5418 	77.6366 	26.6856 	18.256 	31.8851 	53.0571 	19.6638 	55.9856 	8.42174 	49.7312 	48.416 	72.7972 	46.2053
0.0625 24.4035 	24.6317 	46.649 	41.3619 	46.2223 	25.0592 	31.9615 	64.7021 	52.3429 	59.3043 	27.6674 	19.5687 	83.7687 	39.9564 	23.2272 	32.6643 	2.291 	13.6936 	15.4288 	57.9698 	20.2134 	40.9714 	25.5048 	75.7875 	64.1449
0.0625 59.6653 	26.8408 	87.738 	42.9829 	52.2352 	41.0193 	52.3377 	55.0336 	58.8006 	72.2355 	26.9631 	20.593 	57.6833 	74.4594 	12.8355 	24.0227 	17.5234 	46.7315 	3.36075 	59.5765 	10.2333 	107.8 	46.8416 	55.099 	51.3099		
4220	4220	4220	4220	4220	4220	4220	4220	4220	4220	4220	4220	4220	4220	4220	4220	4220	4220	4220	4220	4220	4220	4220	4220	4220	
4220	4220	4220	4220	4220	4220	4220	4220	4220	4220	4220	4220	4220	4220	4220	4220	4220	4220	4220	4220	4220	4220	4220	4220	4220	
4220	4220	4220	4220	4220	4220	4220	4220	4220	4220	4220	4220	4220	4220	4220	4220	4220	4220	4220	4220	4220	4220	4220	4220	4220	
4220	4220	4220	4220	4220	4220	4220	4220	4220	4220	4220	4220	4220	4220	4220	4220	4220	4220	4220	4220	4220	4220	4220	4220	4220	
4220	4220	4220	4220	4220	4220	4220	4220	4220	4220	4220	4220	4220	4220	4220	4220	4220	4220	4220	4220	4220	4220	4220	4220	4220	
4220	4220	4220	4220	4220	4220	4220	4220	4220	4220	4220	4220	4220	4220	4220	4220	4220	4220	4220	4220	4220	4220	4220	4220	4220	
4220	4220	4220	4220	4220	4220	4220	4220	4220	4220	4220	4220	4220	4220	4220	4220	4220	4220	4220	4220	4220	4220	4220	4220	4220	
4220	4220	4220	4220	4220	4220	4220	4220	4220	4220	4220	4220	4220	4220	4220	4220	4220	4220	4220	4220	4220	4220	4220	4220	4220	
4220	4220	4220	4220	4220	4220	4220	4220	4220	4220	4220	4220	4220	4220	4220	4220	4220	4220	4220	4220	4220	4220	4220	4220	4220	
4220	4220	4220	4220	4220	4220	4220	4220	4220	4220	4220	4220	4220	4220	4220	4220	4220	4220	4220	4220	4220	4220	4220	4220	4220	
4220	4220	4220	4220	4220	4220	4220	4220	4220	4220	4220	4220	4220	4220	4220	4220	4220	4220	4220	4220	4220	4220	4220	4220	4220	
4220	4220	4220	4220	4220	4220	4220	4220	4220	4220	4220	4220	4220	4220	4220	4220	4220	4220	4220	4220	4220	4220	4220	4220	4220	
4220	4220	4220	4220	4220	4220	4220	4220	4220	4220	4220	4220	4220	4220	4220	4220	4220	4220	4220	4220	4220	4220	4220	4220	4220	
4220	4220	4220	4220	4220	4220	4220	4220	4220	4220	4220	4220	4220	4220	4220	4220	4220	4220	4220	4220	4220	4220	4220	4220	4220	
4220	4220	4220	4220	4220	4220	4220	4220	4220	4220	4220	4220	4220	4220	4220	4220	4220	4220	4220	4220	4220	4220	4220	4220	4220	
4220	4220	4220	4220	4220	4220	4220	4220	4220	4220	4220	4220	4220	4220	4220	4220	4220	4220	4220	4220	4220	4220	4220	4220	4220	
4220	4220	4220	4220	4220	4220	4220	4220	4220	4220	4220	4220	4220	4220	4220	4220	4220	4220	4220	4220	4220	4220	4220	4220	4220	
4220	4220	4220	4220	4220	4220	4220	4220	4220	4220	4220	4220	4220	4220	4220	4220	4220	4220	4220	4220	4220	4220	4220	4220	4220	
4220	4220	4220	4220	4220	4220	4220	4220	4220	4220	4220	4220	4220	4220	4220	4220	4220	4220	4220	4220	4220	4220	4220	4220	4220	
4220	4220	4220	4220	4220	4220	4220	4220	4220	4220	4220	4220	4220	4220	4220	4220	4220	4220	4220	4220	4220	4220	4220	4220	4220	
4220	4220	4220	4220	4220	4220	4220	4220	4220	4220	4220	4220	4220	4220	4220	4220	4220	4220	4220	4220	4220	4220	4220	4220	4220	
4220	4220	4220	4220	4220	4220	4220	4220	4220	4220	4220	4220	4220	4220	4220	4220	4220	4220	4220	4220	4220	4220	4220	4220	4220	
4220	4220	4220	4220	4220	4220	4220	4220	4220	4220	4220	4220	4220	4220	4220	4220	4220	4220	4220	4220	4220	4220	4220	4220	4220	
4220	4220	4220	4220	4220	4220	4220	4220	4220	4220	4220	4220	4220	4220	4220	4220	4220	4220	4220	4220	4220	4220	4220	4220	4220	
4220	4220	4220	4220	4220	4220	4220	4220	4220	4220	4220	4220	4220	4220	4220	4220	4220	4220	4220	4220	4220	4220	4220	4220	4220	
4220	4220	4220	4220	4220	4220	4220	4220	4220	4220	4220	4220	4220	4220	4220	4220	4220	4220	4220	4220	4220	4220	4220	4220	4220	
4220	4220	4220	4220	4220	4220	4220	4220	4220	4220	4220	4220	4220	4220	4220	4220	4220	4220	4220	4220	4220	4220	4220	4220	4220	
4220	4220	4220	4220	4220	4220	4220	4220	4220	4220	4220	4220	4220	4220	4220	4220	4220	4220	4220	4220	4220	4220	4220	4220	4220	
4220	4220	4220	4220	4220	4220	4220	4220	4220	4220	4220	4220	4220	4220	4220	4220	4220	4220	4220	4220	4220	4220	4220	4220	4220	
4220	4220	4220	4220	4220	4220	4220	4220	4220	4220	4220	4220	4220	4220	4220	4220	4220	4220	4220	4220	4220	4220	4220	4220	4220	
4220	4220	4220	4220	4220	4220	4220	4220	4220	4220	4220	4220	4220	4220	4220	4220	4220	4220	4220	4220	4220	4220	4220	4220	4220	
4220	4220	4220	4220	4220	4220	4220	4220	4220	4220	4220	4220	4220	4220	4220	4220	4220	4220	4220	4220	4220	4220	4220	4220	4220	
4220	4220	4220	4220	4220	4220	4220	4220	4220	4220	4220	4220	4220	4220	4220	4220	4220	4220	4220	4220	4220	4220	4220	4220	4220	
4220	4220	4220	4220	4220	4220	4220	4220	4220	4220	4220	4220	4220	4220	4220	4220	4220	4220	4220	4220	4220	4220	4220	4220	4220	
4220	4220	4220	4220	4220	4220	4220	4220	4220	4220	4220	4220	4220	4220	4220	4220	4220	4220	4220	4220	4220	4220	4220	4220	4220	
4220	4220	4220	4220	4220	4220	4220	4220	4220	4220	4220	4220	4220	4220	4220	4220	4220	4220	4220	4220	4220	4220	4220	4220	4220	
4220	4220	4220	4220	4220	4220	4220	4220	4220	4220	4220	4220	4220	4220	4220	4220	4220	4220	4220	4220	4220	4220	4220	4220	4220	
4220	4220	4220	4220	4220	4220	4220	4220	4220	4220	4220	4220	4220	4220	4220	4220	4220	4220	4220	4220	4220	4220	4220	4220	4220	
4220	4220	4220	4220	4220	4220	4220	4220	4220	4220	4220	4220	4220	4220	4220	4220	4220	4220	4220	4220	4220	4220	4220	4220	4220	
4220	4220	4220	4220	4220	4220	4220	4220	4220	4220	4220	4220	4220	4220	4220	4220	4220	4220	4220	4220	4220	4220	4220	4220	4220	
4220	4220	4220	4220	4220	4220	4220	4220	4220	4220	4220	4220	4220	4220	4220	4220	4220	4220	4220	4220	4220	4220	4220	4220	4220	
4220	4220	4220	4220	4220	4220	4220	4220	4220	4220	4220	4220	4220	4220	4220	4220	4220	4220	4220	4220	4220	4220	4220	4220	4220	
4220	4220	4220	4220	4220	4220	4220	4220	4220	4220	4220	4220	4220	4220	4220	4220	4220	4220	4220	4220	4220	4220	4220	4220	4220	
4220	4220	4220	4220	4220	4220	4220	4220	4220	4220	4220	4220	4220	4220	4220	4220	4220	4220	4220	4220	4220	4220	4220	4220	4220	
4220	4220	4220	4220	4220	4220	4220	4220	4220	4220	4220	4220	4220	4220	4220	4220	4220	4220	4220	4220	4220	4220	4220	4220	4220	
4220	4220	4220	4220	4220	4220	4220	4220	4220	4220	4220	4220	4220	4220	4220	4220	4220	4220	4220	4220	4220	4220	4220	4220	4220	
4220	4220	4220	4220	4220	4220	4220	4220	4220	4220	4220	4220	4220	4220	4220	4220	4220	4220	4220	4220	4220	4220	4220	4220	4220	
4220	4220	4220	4220	4220	4220	4220	4220	4220	4220	4220	4220	4220	4220	4220	4220	4220	4220	4220	4220	4220	4220	4220	4220	4220	
4220	4220	4220	4220	4220	4220	4220	4220	4220	4220	4220	4220	4220	4220	4220	4220	4220	4220	4220	4220	4220	4220	4220	4220	4220	
4220	4220	4220	4220	4220	4220	4220	4220	4220	4220	4220	4220	4220	4220	4220	4220	4220	4220	4220	4220	4220	4220	4220	4220	4220	
4220	4220	4220	4220	4220	4220	4220	4220	4220	4220	4220	4220	4220	4220	4220	4220	4220	4220	4220	4220	4220	4220	4220	4220	4220	
4220	4220	4220	4220	4220	4220	4220	4220	4220	4220	4220	4220	4220	4220	4220	4220	4220	4220	4220	4220	4220	4220	4220	4220	4220	
4220	4220	4220	4220	4220	4220	4220	4220	4220	4220	4220	4220	4220	4220	4220	4220	4220	4220	4220	4220	4220	4220	4220	4220	4220	
4220	4220	4220	4220	4220	4220	4220	4220	4220	4220	4220	4220	4220	4220	4220	4220	4220	4220	4220	4220	4220	4220	4220	4220	4220	
4220	4220	4220	4220	4220	4220	4220	4220	4220	4220	4220	4220	4220	4220	4220	4220	4220	4220	4220	4220	4220	4220	4220	4220	4220	
4220	4220	4220	4220	4220	4220	4220	4220	4220	4220	4220	4220	4220	4220	4220	4220	4220	4220	4220	4220	4220	4220	4220	4220	4220	
4220	4220	4220	4220	4220	4220	4220	4220	4220	4220	4220	4220	4220	4220	4220	4220	4220	4220	4220	4220	4220	4220	4220	4220	4220	
4220	4220	4220	4220	4220	4220	4220	4220	4220	4220	4220	4220	4220	4220	4220	4220	4220	4220	4220	4220	4220	4220	4220	4220	4220	
4220	4220	4220	4220	4220	4220	4220	4220	4220	4220	4220	4220	4220	4220	4220	4220	4220	4220	4220	4220	4220	4220	4220	4220	4220	
4220	4220	4220	4220	4220	4220	4220	4220	4220	4220	4220	4220	4220	4220	4220	4220	4220	4220	4220	4220	4220	4220	4220	4220	4220	
0.5	0.5		
1	2	
0.8	

