10	
60	
50	
2	
0	1	2	3	4	5	6	7	8	9	0	3	2	7	4	1	2	7	6	2	8	9	6	9	0	7	8	2	3	2	6	7	5	6	3	4	8	8	2	9	0	4	9	5	5	6	6	5	9	2	3	9	4	3	2	5	9	7	6	0	
1	2	3	4	5	6	7	8	9	0	6	6	0	6	3	8	4	1	0	9	5	5	4	4	7	3	3	6	9	1	5	4	3	8	2	6	1	2	8	8	9	0	7	1	2	2	1	8	2	7	5	1	7	7	5	0	3	9	3	5	
100	100	100	100	100	100	100	100	100	100	92	58	55	32	90	44	97	25	63	12	58	24	97	25	83	47	84	41	93	93	60	79	27	76	47	96	82	85	37	73	29	21	22	86	43	88	11	39	23	85	74	38	47	90	47	42	52	15	38	80	
2640	2640	2640	2640	2640	2640	2640	2640	2640	2640	83	176	383	498	285	72	143	258	258	72	416	214	389	498	203	487	416	170	312	476	268	285	214	290	192	61	520	268	427	159	230	285	61	197	482	126	383	405	214	372	542	72	55	203	476	170	99	449	476	258	
25667	25667	25667	25667	25667	25667	25667	25667	25667	25667	12064	20534	13347	16427	7444	3594	21047	11037	25410	20021	11551	17197	13604	14117	17967	22331	5904	12834	22587	13347	11294	16170	5647	13090	12321	9497	20791	4621	23614	25410	20534	13347	4364	4107	24641	4364	17711	21561	24127	13604	5391	18994	5134	15914	19251	11037	14374	13604	22844	12321	
9	0	6	9	5	2	7	3	2	8	9	0	1	2	9	9	5	1	5	0	0	7	9	0	6	8	7	8	8	6	4	2	5	7	7	7	7	4	6	3	4	2	5	1	0	4	4	0	8	2	
5	1	9	3	7	0	3	2	4	6	6	3	2	3	7	2	4	3	9	6	9	1	1	8	5	7	5	3	5	0	8	7	3	6	8	4	0	7	2	9	0	6	2	0	5	9	2	2	0	1	
71	32	78	40	53	80	57	72	57	73	36	22	93	95	27	37	33	94	19	59	17	91	53	73	55	71	92	32	46	69	27	36	37	13	71	15	48	71	96	30	63	75	13	76	83	24	26	10	27	72	
3850	3850	3850	3850	3850	3850	3850	3850	3850	3850	3850	3850	3850	3850	3850	3850	3850	3850	3850	3850	3850	3850	3850	3850	3850	3850	3850	3850	3850	3850	3850	3850	3850	3850	3850	3850	3850	3850	3850	3850	3850	3850	3850	3850	3850	3850	3850	3850	3850	3850	
3850	3850	3850	3850	3850	3850	3850	3850	3850	3850	3850	3850	3850	3850	3850	3850	3850	3850	3850	3850	3850	3850	3850	3850	3850	3850	3850	3850	3850	3850	3850	3850	3850	3850	3850	3850	3850	3850	3850	3850	3850	3850	3850	3850	3850	3850	3850	3850	3850	3850	
3850	3850	3850	3850	3850	3850	3850	3850	3850	3850	3850	3850	3850	3850	3850	3850	3850	3850	3850	3850	3850	3850	3850	3850	3850	3850	3850	3850	3850	3850	3850	3850	3850	3850	3850	3850	3850	3850	3850	3850	3850	3850	3850	3850	3850	3850	3850	3850	3850	3850	
3850	3850	3850	3850	3850	3850	3850	3850	3850	3850	3850	3850	3850	3850	3850	3850	3850	3850	3850	3850	3850	3850	3850	3850	3850	3850	3850	3850	3850	3850	3850	3850	3850	3850	3850	3850	3850	3850	3850	3850	3850	3850	3850	3850	3850	3850	3850	3850	3850	3850	
3850	3850	3850	3850	3850	3850	3850	3850	3850	3850	3850	3850	3850	3850	3850	3850	3850	3850	3850	3850	3850	3850	3850	3850	3850	3850	3850	3850	3850	3850	3850	3850	3850	3850	3850	3850	3850	3850	3850	3850	3850	3850	3850	3850	3850	3850	3850	3850	3850	3850	
3850	3850	3850	3850	3850	3850	3850	3850	3850	3850	3850	3850	3850	3850	3850	3850	3850	3850	3850	3850	3850	3850	3850	3850	3850	3850	3850	3850	3850	3850	3850	3850	3850	3850	3850	3850	3850	3850	3850	3850	3850	3850	3850	3850	3850	3850	3850	3850	3850	3850	
3850	3850	3850	3850	3850	3850	3850	3850	3850	3850	3850	3850	3850	3850	3850	3850	3850	3850	3850	3850	3850	3850	3850	3850	3850	3850	3850	3850	3850	3850	3850	3850	3850	3850	3850	3850	3850	3850	3850	3850	3850	3850	3850	3850	3850	3850	3850	3850	3850	3850	
3850	3850	3850	3850	3850	3850	3850	3850	3850	3850	3850	3850	3850	3850	3850	3850	3850	3850	3850	3850	3850	3850	3850	3850	3850	3850	3850	3850	3850	3850	3850	3850	3850	3850	3850	3850	3850	3850	3850	3850	3850	3850	3850	3850	3850	3850	3850	3850	3850	3850	
3850	3850	3850	3850	3850	3850	3850	3850	3850	3850	3850	3850	3850	3850	3850	3850	3850	3850	3850	3850	3850	3850	3850	3850	3850	3850	3850	3850	3850	3850	3850	3850	3850	3850	3850	3850	3850	3850	3850	3850	3850	3850	3850	3850	3850	3850	3850	3850	3850	3850	
3850	3850	3850	3850	3850	3850	3850	3850	3850	3850	3850	3850	3850	3850	3850	3850	3850	3850	3850	3850	3850	3850	3850	3850	3850	3850	3850	3850	3850	3850	3850	3850	3850	3850	3850	3850	3850	3850	3850	3850	3850	3850	3850	3850	3850	3850	3850	3850	3850	3850	
3850	3850	3850	3850	3850	3850	3850	3850	3850	3850	3850	3850	3850	3850	3850	3850	3850	3850	3850	3850	3850	3850	3850	3850	3850	3850	3850	3850	3850	3850	3850	3850	3850	3850	3850	3850	3850	3850	3850	3850	3850	3850	3850	3850	3850	3850	3850	3850	3850	3850	
3850	3850	3850	3850	3850	3850	3850	3850	3850	3850	3850	3850	3850	3850	3850	3850	3850	3850	3850	3850	3850	3850	3850	3850	3850	3850	3850	3850	3850	3850	3850	3850	3850	3850	3850	3850	3850	3850	3850	3850	3850	3850	3850	3850	3850	3850	3850	3850	3850	3850	
3850	3850	3850	3850	3850	3850	3850	3850	3850	3850	3850	3850	3850	3850	3850	3850	3850	3850	3850	3850	3850	3850	3850	3850	3850	3850	3850	3850	3850	3850	3850	3850	3850	3850	3850	3850	3850	3850	3850	3850	3850	3850	3850	3850	3850	3850	3850	3850	3850	3850	
3850	3850	3850	3850	3850	3850	3850	3850	3850	3850	3850	3850	3850	3850	3850	3850	3850	3850	3850	3850	3850	3850	3850	3850	3850	3850	3850	3850	3850	3850	3850	3850	3850	3850	3850	3850	3850	3850	3850	3850	3850	3850	3850	3850	3850	3850	3850	3850	3850	3850	
3850	3850	3850	3850	3850	3850	3850	3850	3850	3850	3850	3850	3850	3850	3850	3850	3850	3850	3850	3850	3850	3850	3850	3850	3850	3850	3850	3850	3850	3850	3850	3850	3850	3850	3850	3850	3850	3850	3850	3850	3850	3850	3850	3850	3850	3850	3850	3850	3850	3850	
3850	3850	3850	3850	3850	3850	3850	3850	3850	3850	3850	3850	3850	3850	3850	3850	3850	3850	3850	3850	3850	3850	3850	3850	3850	3850	3850	3850	3850	3850	3850	3850	3850	3850	3850	3850	3850	3850	3850	3850	3850	3850	3850	3850	3850	3850	3850	3850	3850	3850	
3850	3850	3850	3850	3850	3850	3850	3850	3850	3850	3850	3850	3850	3850	3850	3850	3850	3850	3850	3850	3850	3850	3850	3850	3850	3850	3850	3850	3850	3850	3850	3850	3850	3850	3850	3850	3850	3850	3850	3850	3850	3850	3850	3850	3850	3850	3850	3850	3850	3850	
3850	3850	3850	3850	3850	3850	3850	3850	3850	3850	3850	3850	3850	3850	3850	3850	3850	3850	3850	3850	3850	3850	3850	3850	3850	3850	3850	3850	3850	3850	3850	3850	3850	3850	3850	3850	3850	3850	3850	3850	3850	3850	3850	3850	3850	3850	3850	3850	3850	3850	
3850	3850	3850	3850	3850	3850	3850	3850	3850	3850	3850	3850	3850	3850	3850	3850	3850	3850	3850	3850	3850	3850	3850	3850	3850	3850	3850	3850	3850	3850	3850	3850	3850	3850	3850	3850	3850	3850	3850	3850	3850	3850	3850	3850	3850	3850	3850	3850	3850	3850	
3850	3850	3850	3850	3850	3850	3850	3850	3850	3850	3850	3850	3850	3850	3850	3850	3850	3850	3850	3850	3850	3850	3850	3850	3850	3850	3850	3850	3850	3850	3850	3850	3850	3850	3850	3850	3850	3850	3850	3850	3850	3850	3850	3850	3850	3850	3850	3850	3850	3850	
3850	3850	3850	3850	3850	3850	3850	3850	3850	3850	3850	3850	3850	3850	3850	3850	3850	3850	3850	3850	3850	3850	3850	3850	3850	3850	3850	3850	3850	3850	3850	3850	3850	3850	3850	3850	3850	3850	3850	3850	3850	3850	3850	3850	3850	3850	3850	3850	3850	3850	
3850	3850	3850	3850	3850	3850	3850	3850	3850	3850	3850	3850	3850	3850	3850	3850	3850	3850	3850	3850	3850	3850	3850	3850	3850	3850	3850	3850	3850	3850	3850	3850	3850	3850	3850	3850	3850	3850	3850	3850	3850	3850	3850	3850	3850	3850	3850	3850	3850	3850	
3850	3850	3850	3850	3850	3850	3850	3850	3850	3850	3850	3850	3850	3850	3850	3850	3850	3850	3850	3850	3850	3850	3850	3850	3850	3850	3850	3850	3850	3850	3850	3850	3850	3850	3850	3850	3850	3850	3850	3850	3850	3850	3850	3850	3850	3850	3850	3850	3850	3850	
3850	3850	3850	3850	3850	3850	3850	3850	3850	3850	3850	3850	3850	3850	3850	3850	3850	3850	3850	3850	3850	3850	3850	3850	3850	3850	3850	3850	3850	3850	3850	3850	3850	3850	3850	3850	3850	3850	3850	3850	3850	3850	3850	3850	3850	3850	3850	3850	3850	3850	
3850	3850	3850	3850	3850	3850	3850	3850	3850	3850	3850	3850	3850	3850	3850	3850	3850	3850	3850	3850	3850	3850	3850	3850	3850	3850	3850	3850	3850	3850	3850	3850	3850	3850	3850	3850	3850	3850	3850	3850	3850	3850	3850	3850	3850	3850	3850	3850	3850	3850	
3850	3850	3850	3850	3850	3850	3850	3850	3850	3850	3850	3850	3850	3850	3850	3850	3850	3850	3850	3850	3850	3850	3850	3850	3850	3850	3850	3850	3850	3850	3850	3850	3850	3850	3850	3850	3850	3850	3850	3850	3850	3850	3850	3850	3850	3850	3850	3850	3850	3850	
3850	3850	3850	3850	3850	3850	3850	3850	3850	3850	3850	3850	3850	3850	3850	3850	3850	3850	3850	3850	3850	3850	3850	3850	3850	3850	3850	3850	3850	3850	3850	3850	3850	3850	3850	3850	3850	3850	3850	3850	3850	3850	3850	3850	3850	3850	3850	3850	3850	3850	
3850	3850	3850	3850	3850	3850	3850	3850	3850	3850	3850	3850	3850	3850	3850	3850	3850	3850	3850	3850	3850	3850	3850	3850	3850	3850	3850	3850	3850	3850	3850	3850	3850	3850	3850	3850	3850	3850	3850	3850	3850	3850	3850	3850	3850	3850	3850	3850	3850	3850	
3850	3850	3850	3850	3850	3850	3850	3850	3850	3850	3850	3850	3850	3850	3850	3850	3850	3850	3850	3850	3850	3850	3850	3850	3850	3850	3850	3850	3850	3850	3850	3850	3850	3850	3850	3850	3850	3850	3850	3850	3850	3850	3850	3850	3850	3850	3850	3850	3850	3850	
3850	3850	3850	3850	3850	3850	3850	3850	3850	3850	3850	3850	3850	3850	3850	3850	3850	3850	3850	3850	3850	3850	3850	3850	3850	3850	3850	3850	3850	3850	3850	3850	3850	3850	3850	3850	3850	3850	3850	3850	3850	3850	3850	3850	3850	3850	3850	3850	3850	3850	
3850	3850	3850	3850	3850	3850	3850	3850	3850	3850	3850	3850	3850	3850	3850	3850	3850	3850	3850	3850	3850	3850	3850	3850	3850	3850	3850	3850	3850	3850	3850	3850	3850	3850	3850	3850	3850	3850	3850	3850	3850	3850	3850	3850	3850	3850	3850	3850	3850	3850	
3850	3850	3850	3850	3850	3850	3850	3850	3850	3850	3850	3850	3850	3850	3850	3850	3850	3850	3850	3850	3850	3850	3850	3850	3850	3850	3850	3850	3850	3850	3850	3850	3850	3850	3850	3850	3850	3850	3850	3850	3850	3850	3850	3850	3850	3850	3850	3850	3850	3850	
3850	3850	3850	3850	3850	3850	3850	3850	3850	3850	3850	3850	3850	3850	3850	3850	3850	3850	3850	3850	3850	3850	3850	3850	3850	3850	3850	3850	3850	3850	3850	3850	3850	3850	3850	3850	3850	3850	3850	3850	3850	3850	3850	3850	3850	3850	3850	3850	3850	3850	
3850	3850	3850	3850	3850	3850	3850	3850	3850	3850	3850	3850	3850	3850	3850	3850	3850	3850	3850	3850	3850	3850	3850	3850	3850	3850	3850	3850	3850	3850	3850	3850	3850	3850	3850	3850	3850	3850	3850	3850	3850	3850	3850	3850	3850	3850	3850	3850	3850	3850	
3850	3850	3850	3850	3850	3850	3850	3850	3850	3850	3850	3850	3850	3850	3850	3850	3850	3850	3850	3850	3850	3850	3850	3850	3850	3850	3850	3850	3850	3850	3850	3850	3850	3850	3850	3850	3850	3850	3850	3850	3850	3850	3850	3850	3850	3850	3850	3850	3850	3850	
3850	3850	3850	3850	3850	3850	3850	3850	3850	3850	3850	3850	3850	3850	3850	3850	3850	3850	3850	3850	3850	3850	3850	3850	3850	3850	3850	3850	3850	3850	3850	3850	3850	3850	3850	3850	3850	3850	3850	3850	3850	3850	3850	3850	3850	3850	3850	3850	3850	3850	
3850	3850	3850	3850	3850	3850	3850	3850	3850	3850	3850	3850	3850	3850	3850	3850	3850	3850	3850	3850	3850	3850	3850	3850	3850	3850	3850	3850	3850	3850	3850	3850	3850	3850	3850	3850	3850	3850	3850	3850	3850	3850	3850	3850	3850	3850	3850	3850	3850	3850	
3850	3850	3850	3850	3850	3850	3850	3850	3850	3850	3850	3850	3850	3850	3850	3850	3850	3850	3850	3850	3850	3850	3850	3850	3850	3850	3850	3850	3850	3850	3850	3850	3850	3850	3850	3850	3850	3850	3850	3850	3850	3850	3850	3850	3850	3850	3850	3850	3850	3850	
3850	3850	3850	3850	3850	3850	3850	3850	3850	3850	3850	3850	3850	3850	3850	3850	3850	3850	3850	3850	3850	3850	3850	3850	3850	3850	3850	3850	3850	3850	3850	3850	3850	3850	3850	3850	3850	3850	3850	3850	3850	3850	3850	3850	3850	3850	3850	3850	3850	3850	
3850	3850	3850	3850	3850	3850	3850	3850	3850	3850	3850	3850	3850	3850	3850	3850	3850	3850	3850	3850	3850	3850	3850	3850	3850	3850	3850	3850	3850	3850	3850	3850	3850	3850	3850	3850	3850	3850	3850	3850	3850	3850	3850	3850	3850	3850	3850	3850	3850	3850	
3850	3850	3850	3850	3850	3850	3850	3850	3850	3850	3850	3850	3850	3850	3850	3850	3850	3850	3850	3850	3850	3850	3850	3850	3850	3850	3850	3850	3850	3850	3850	3850	3850	3850	3850	3850	3850	3850	3850	3850	3850	3850	3850	3850	3850	3850	3850	3850	3850	3850	
3850	3850	3850	3850	3850	3850	3850	3850	3850	3850	3850	3850	3850	3850	3850	3850	3850	3850	3850	3850	3850	3850	3850	3850	3850	3850	3850	3850	3850	3850	3850	3850	3850	3850	3850	3850	3850	3850	3850	3850	3850	3850	3850	3850	3850	3850	3850	3850	3850	3850	
3850	3850	3850	3850	3850	3850	3850	3850	3850	3850	3850	3850	3850	3850	3850	3850	3850	3850	3850	3850	3850	3850	3850	3850	3850	3850	3850	3850	3850	3850	3850	3850	3850	3850	3850	3850	3850	3850	3850	3850	3850	3850	3850	3850	3850	3850	3850	3850	3850	3850	
3850	3850	3850	3850	3850	3850	3850	3850	3850	3850	3850	3850	3850	3850	3850	3850	3850	3850	3850	3850	3850	3850	3850	3850	3850	3850	3850	3850	3850	3850	3850	3850	3850	3850	3850	3850	3850	3850	3850	3850	3850	3850	3850	3850	3850	3850	3850	3850	3850	3850	
3850	3850	3850	3850	3850	3850	3850	3850	3850	3850	3850	3850	3850	3850	3850	3850	3850	3850	3850	3850	3850	3850	3850	3850	3850	3850	3850	3850	3850	3850	3850	3850	3850	3850	3850	3850	3850	3850	3850	3850	3850	3850	3850	3850	3850	3850	3850	3850	3850	3850	
3850	3850	3850	3850	3850	3850	3850	3850	3850	3850	3850	3850	3850	3850	3850	3850	3850	3850	3850	3850	3850	3850	3850	3850	3850	3850	3850	3850	3850	3850	3850	3850	3850	3850	3850	3850	3850	3850	3850	3850	3850	3850	3850	3850	3850	3850	3850	3850	3850	3850	
3850	3850	3850	3850	3850	3850	3850	3850	3850	3850	3850	3850	3850	3850	3850	3850	3850	3850	3850	3850	3850	3850	3850	3850	3850	3850	3850	3850	3850	3850	3850	3850	3850	3850	3850	3850	3850	3850	3850	3850	3850	3850	3850	3850	3850	3850	3850	3850	3850	3850	
3850	3850	3850	3850	3850	3850	3850	3850	3850	3850	3850	3850	3850	3850	3850	3850	3850	3850	3850	3850	3850	3850	3850	3850	3850	3850	3850	3850	3850	3850	3850	3850	3850	3850	3850	3850	3850	3850	3850	3850	3850	3850	3850	3850	3850	3850	3850	3850	3850	3850	
3850	3850	3850	3850	3850	3850	3850	3850	3850	3850	3850	3850	3850	3850	3850	3850	3850	3850	3850	3850	3850	3850	3850	3850	3850	3850	3850	3850	3850	3850	3850	3850	3850	3850	3850	3850	3850	3850	3850	3850	3850	3850	3850	3850	3850	3850	3850	3850	3850	3850	
3850	3850	3850	3850	3850	3850	3850	3850	3850	3850	3850	3850	3850	3850	3850	3850	3850	3850	3850	3850	3850	3850	3850	3850	3850	3850	3850	3850	3850	3850	3850	3850	3850	3850	3850	3850	3850	3850	3850	3850	3850	3850	3850	3850	3850	3850	3850	3850	3850	3850	
3850	3850	3850	3850	3850	3850	3850	3850	3850	3850	3850	3850	3850	3850	3850	3850	3850	3850	3850	3850	3850	3850	3850	3850	3850	3850	3850	3850	3850	3850	3850	3850	3850	3850	3850	3850	3850	3850	3850	3850	3850	3850	3850	3850	3850	3850	3850	3850	3850	3850	
3850	3850	3850	3850	3850	3850	3850	3850	3850	3850	3850	3850	3850	3850	3850	3850	3850	3850	3850	3850	3850	3850	3850	3850	3850	3850	3850	3850	3850	3850	3850	3850	3850	3850	3850	3850	3850	3850	3850	3850	3850	3850	3850	3850	3850	3850	3850	3850	3850	3850	
3850	3850	3850	3850	3850	3850	3850	3850	3850	3850	3850	3850	3850	3850	3850	3850	3850	3850	3850	3850	3850	3850	3850	3850	3850	3850	3850	3850	3850	3850	3850	3850	3850	3850	3850	3850	3850	3850	3850	3850	3850	3850	3850	3850	3850	3850	3850	3850	3850	3850	
3850	3850	3850	3850	3850	3850	3850	3850	3850	3850	3850	3850	3850	3850	3850	3850	3850	3850	3850	3850	3850	3850	3850	3850	3850	3850	3850	3850	3850	3850	3850	3850	3850	3850	3850	3850	3850	3850	3850	3850	3850	3850	3850	3850	3850	3850	3850	3850	3850	3850	
3850	3850	3850	3850	3850	3850	3850	3850	3850	3850	3850	3850	3850	3850	3850	3850	3850	3850	3850	3850	3850	3850	3850	3850	3850	3850	3850	3850	3850	3850	3850	3850	3850	3850	3850	3850	3850	3850	3850	3850	3850	3850	3850	3850	3850	3850	3850	3850	3850	3850	
3850	3850	3850	3850	3850	3850	3850	3850	3850	3850	3850	3850	3850	3850	3850	3850	3850	3850	3850	3850	3850	3850	3850	3850	3850	3850	3850	3850	3850	3850	3850	3850	3850	3850	3850	3850	3850	3850	3850	3850	3850	3850	3850	3850	3850	3850	3850	3850	3850	3850	
3850	3850	3850	3850	3850	3850	3850	3850	3850	3850	3850	3850	3850	3850	3850	3850	3850	3850	3850	3850	3850	3850	3850	3850	3850	3850	3850	3850	3850	3850	3850	3850	3850	3850	3850	3850	3850	3850	3850	3850	3850	3850	3850	3850	3850	3850	3850	3850	3850	3850	
3850	3850	3850	3850	3850	3850	3850	3850	3850	3850	3850	3850	3850	3850	3850	3850	3850	3850	3850	3850	3850	3850	3850	3850	3850	3850	3850	3850	3850	3850	3850	3850	3850	3850	3850	3850	3850	3850	3850	3850	3850	3850	3850	3850	3850	3850	3850	3850	3850	3850	
3850	3850	3850	3850	3850	3850	3850	3850	3850	3850	3850	3850	3850	3850	3850	3850	3850	3850	3850	3850	3850	3850	3850	3850	3850	3850	3850	3850	3850	3850	3850	3850	3850	3850	3850	3850	3850	3850	3850	3850	3850	3850	3850	3850	3850	3850	3850	3850	3850	3850	
3850	3850	3850	3850	3850	3850	3850	3850	3850	3850	3850	3850	3850	3850	3850	3850	3850	3850	3850	3850	3850	3850	3850	3850	3850	3850	3850	3850	3850	3850	3850	3850	3850	3850	3850	3850	3850	3850	3850	3850	3850	3850	3850	3850	3850	3850	3850	3850	3850	3850	
0.5	0.5		
1	2	
0.8	

